timing Training Network
0%      Training Network took 0
timing Training Network
0%      Training Network took 0
fc Weights:  [ 0.809308 -0.249838 -0.751419 0.394221 -1.17486 -0.44788 -1.21532 0.477078 ]
c1 Weights:  [ 0.807897 -0.24976 -0.747265 0.400369 -1.17401 -0.448729 -1.21629 0.47805 ]
Mse : 7.5477146e-06
fc Activations:  [ 0.0811403 0.935649 0 1.32987 0.890449 0.685811 0.13903 1.08003 0.0495585 0.950441 0.0275996 0.9724 0.0423182 0.957682 0.0376802 0.96232 ]
c1 Activations:  [ 0.0811403 0.935649 0 1.33602 0.889037 0.188384 0.639277 0.588753 0.0494793 0.950521 0.0272528 0.972747 0.0931908 0.906809 0.0588284 0.941172 ]
fc Outputs:  [ 0.0811403 0.935649 -0.670278 1.32987 0.890449 0.685811 0.13903 1.08003 -1.73487 1.21891 -2.11864 1.44332 -2.38206 0.737243 -1.97835 1.26186 ]
c1 Outputs:  [ 0.0811403 0.935649 -0.16862 1.33602 0.889037 0.188384 0.639277 0.588753 -1.73571 1.21975 -2.12741 1.44755 -1.77529 0.499991 -1.96904 0.803463 ]
fc Primes:  [ -0.950773 0.950773 0.0271903 -0.0271903 0.0418321 -0.0418321 -0.963071 0.963071 ]
c1 Primes:  [ -0.950773 0.950773 0.0271903 -0.0271903 0.0931481 -0.0931481 -0.941133 0.941133 ]